學年別,縣市別,國小總計計,國小總計男,國小總計女,1年級計,1年級男,1年級女,2年級計,2年級男,2年級女,3年級計,3年級男,3年級女,4年級計,4年級男,4年級女,5年級計,5年級男,5年級女,6年級計,6年級男,6年級女,國中總計計,國中總計男,國中總計女,7年級計,7年級男,7年級女,8年級計,8年級男,8年級女,9年級計,9年級男,9年級女
106學年,總計,1146679,598546,548133,182474,94698,87776,174451,91043,83408,191356,99688,91668,197905,103639,94266,198714,103683,95031,201779,105795,95984,653273,341965,311308,208880,108821,100059,214607,112964,101643,229786,120180,109606
106學年,新北市,192321,100366,91955,31383,16185,15198,29527,15475,14052,32172,16756,15416,33156,17401,15755,33056,17253,15803,33027,17296,15731,100608,52568,48040,31923,16488,15435,33187,17522,15665,35498,18558,16940
106學年,臺北市,115679,60458,55221,19372,10093,9279,18436,9532,8904,19138,10077,9061,19897,10379,9518,19536,10180,9356,19300,10197,9103,66746,35027,31719,21739,11463,10276,21752,11449,10303,23255,12115,11140
106學年,桃園市,122590,64052,58538,19939,10264,9675,18463,9719,8744,20559,10620,9939,21332,11206,10126,21032,11035,9997,21265,11208,10057,67375,35310,32065,21755,11395,10360,22102,11693,10409,23518,12222,11296
106學年,臺中市,150412,78294,72118,24188,12560,11628,23136,12121,11015,24887,13028,11859,25990,13422,12568,26164,13481,12683,26047,13682,12365,85244,44387,40857,27484,14303,13181,27915,14493,13422,29845,15591,14254
106學年,臺南市,87329,45493,41836,13634,7175,6459,13031,6786,6245,14980,7667,7313,15153,7977,7176,15206,7867,7339,15325,8021,7304,50556,26300,24256,16226,8471,7755,16696,8645,8051,17634,9184,8450
106學年,高雄市,125875,65416,60459,19565,10160,9405,18683,9641,9042,21013,10849,10164,21850,11414,10436,22038,11500,10538,22726,11852,10874,72395,37766,34629,23285,12135,11150,23609,12370,11239,25501,13261,12240
106學年,宜蘭縣,21563,11152,10411,3377,1766,1611,3312,1680,1632,3700,1937,1763,3599,1852,1747,3668,1894,1774,3907,2023,1884,14108,7557,6551,4536,2401,2135,4657,2537,2120,4915,2619,2296
106學年,新竹縣,35578,18662,16916,5822,3073,2749,5572,2932,2640,6105,3173,2932,6164,3259,2905,5983,3109,2874,5932,3116,2816,17398,9095,8303,5622,2957,2665,5789,3030,2759,5987,3108,2879
106學年,苗栗縣,27602,14404,13198,4368,2236,2132,4059,2128,1931,4593,2391,2202,4755,2511,2244,4898,2586,2312,4929,2552,2377,15835,8536,7299,5052,2643,2409,5139,2783,2356,5644,3110,2534
106學年,彰化縣,62830,32953,29877,9536,4972,4564,9446,4893,4553,10532,5494,5038,10769,5615,5154,10972,5861,5111,11575,6118,5457,37275,19618,17657,11586,5998,5588,12416,6605,5811,13273,7015,6258
106學年,南投縣,23221,12127,11094,3545,1828,1717,3462,1809,1653,3705,1946,1759,3962,2079,1883,4151,2172,1979,4396,2293,2103,14436,7538,6898,4485,2315,2170,4765,2505,2260,5186,2718,2468
106學年,雲林縣,32410,17073,15337,4737,2443,2294,4755,2500,2255,5306,2817,2489,5617,2954,2663,5826,3103,2723,6169,3256,2913,21017,10968,10049,6564,3396,3168,6960,3651,3309,7493,3921,3572
106學年,嘉義縣,19569,10250,9319,2860,1475,1385,2827,1510,1317,3142,1672,1470,3328,1729,1599,3509,1844,1665,3903,2020,1883,12207,6423,5784,3807,2006,1801,4045,2145,1900,4355,2272,2083
106學年,屏東縣,35661,18653,17008,5321,2774,2547,5251,2758,2493,5796,3011,2785,6066,3203,2863,6482,3348,3134,6745,3559,3186,22574,11779,10795,7088,3643,3445,7394,3935,3459,8092,4201,3891
106學年,臺東縣,10385,5428,4957,1592,808,784,1497,742,755,1692,921,771,1759,947,812,1856,948,908,1989,1062,927,6303,3346,2957,1998,1081,917,2052,1099,953,2253,1166,1087
106學年,花蓮縣,15390,8108,7282,2373,1265,1108,2360,1254,1106,2579,1348,1231,2627,1366,1261,2636,1381,1255,2815,1494,1321,9614,5050,4564,3030,1553,1477,3198,1677,1521,3386,1820,1566
106學年,澎湖縣,3524,1830,1694,523,264,259,538,284,254,562,277,285,598,309,289,642,346,296,661,350,311,2362,1238,1124,752,369,383,773,409,364,837,460,377
106學年,基隆市,15944,8274,7670,2383,1232,1151,2428,1281,1147,2672,1368,1304,2759,1433,1326,2877,1535,1342,2825,1425,1400,9635,5093,4542,3090,1598,1492,3120,1677,1443,3425,1818,1607
106學年,新竹市,29635,15527,14108,4914,2549,2365,4735,2461,2274,5075,2694,2381,5183,2776,2407,4865,2483,2382,4863,2564,2299,15414,7987,7427,5087,2617,2470,5034,2623,2411,5293,2747,2546
106學年,嘉義市,15068,7877,7191,2374,1234,1140,2297,1223,1074,2462,1287,1175,2653,1432,1221,2600,1360,1240,2682,1341,1341,9996,5239,4757,3092,1648,1444,3300,1740,1560,3604,1851,1753
106學年,金門縣,3619,1895,1724,593,308,285,567,280,287,608,306,302,614,336,278,633,357,276,604,308,296,1948,1012,936,614,308,306,647,335,312,687,369,318
106學年,連江縣,474,254,220,75,34,41,69,34,35,78,49,29,74,39,35,84,40,44,94,58,36,227,128,99,65,33,32,57,41,16,105,54,51
105學年,總計,1173885,613157,560728,174670,91178,83492,191463,99786,91677,198133,103769,94364,198801,103709,95092,201848,105837,96011,208970,108878,100092,687212,359949,327263,214826,113075,101751,229982,120297,109685,242404,126577,115827
105學年,新北市,195706,102175,93531,29633,15516,14117,32388,16874,15514,33312,17487,15825,33247,17342,15905,33138,17343,15795,33988,17613,16375,106199,55676,50523,33225,17542,15683,35516,18570,16946,37458,19564,17894
105學年,臺北市,116496,61049,55447,18542,9614,8928,19179,10129,9050,19957,10389,9568,19464,10104,9360,19327,10220,9107,20027,10593,9434,69178,36185,32993,21829,11491,10338,23343,12158,11185,24006,12536,11470
105學年,桃園市,124604,65303,59301,18478,9695,8783,20494,10599,9895,21313,11192,10121,21006,11014,9992,21238,11206,10032,22075,11597,10478,70471,36938,33533,22058,11671,10387,23506,12192,11314,24907,13075,11832
105學年,臺中市,153062,79725,73337,23115,12130,10985,24905,13052,11853,25965,13411,12554,26147,13487,12660,26027,13666,12361,26903,13979,12924,89408,46465,42943,27918,14481,13437,29862,15617,14245,31628,16367,15261
105學年,臺南市,89475,46595,42880,13021,6773,6248,14998,7684,7314,15177,7987,7190,15186,7874,7312,15316,8011,7305,15777,8266,7511,53089,27645,25444,16697,8649,8048,17657,9204,8453,18735,9792,8943
105學年,高雄市,129914,67523,62391,18715,9663,9052,20992,10833,10159,21913,11449,10464,22059,11523,10536,22792,11867,10925,23443,12188,11255,76167,39741,36426,23624,12364,11260,25503,13246,12257,27040,14131,12909
105學年,宜蘭縣,22349,11541,10808,3318,1681,1637,3686,1920,1766,3605,1857,1748,3686,1909,1777,3904,2022,1882,4150,2152,1998,14783,7933,6850,4727,2579,2148,4938,2650,2288,5118,2704,2414
105學年,新竹縣,35692,18703,16989,5582,2939,2643,6110,3165,2945,6167,3263,2904,5996,3121,2875,5920,3109,2811,5917,3106,2811,18044,9492,8552,5770,3011,2759,5992,3114,2878,6282,3367,2915
105學年,苗栗縣,28579,14978,13601,4087,2159,1928,4591,2393,2198,4769,2523,2246,4914,2592,2322,4943,2558,2385,5275,2753,2522,16836,9120,7716,5154,2793,2361,5647,3112,2535,6035,3215,2820
105學年,彰化縣,65423,34301,31122,9457,4917,4540,10549,5504,5045,10810,5652,5158,10995,5878,5117,11563,6129,5434,12049,6221,5828,39679,20939,18740,12422,6615,5807,13267,7006,6261,13990,7318,6672
105學年,南投縣,24180,12566,11614,3446,1786,1660,3672,1924,1748,3920,2047,1873,4126,2141,1985,4406,2297,2109,4610,2371,2239,15716,8285,7431,4781,2504,2277,5209,2728,2481,5726,3053,2673
105學年,雲林縣,34012,17949,16063,4740,2496,2244,5302,2805,2497,5605,2951,2654,5816,3102,2714,6177,3260,2917,6372,3335,3037,22308,11618,10690,6986,3663,3323,7516,3941,3575,7806,4014,3792
105學年,嘉義縣,20810,10921,9889,2817,1510,1307,3128,1662,1466,3333,1729,1604,3502,1842,1660,3895,2016,1879,4135,2162,1973,13153,6894,6259,4019,2138,1881,4340,2264,2076,4794,2492,2302
105學年,屏東縣,37482,19552,17930,5232,2746,2486,5802,3019,2783,6067,3214,2853,6488,3341,3147,6698,3551,3147,7195,3681,3514,24014,12499,11515,7392,3937,3455,8070,4187,3883,8552,4375,4177
105學年,臺東縣,10702,5646,5056,1489,740,749,1682,912,770,1737,932,805,1843,943,900,1968,1048,920,1983,1071,912,6682,3475,3207,2041,1087,954,2245,1167,1078,2396,1221,1175
105學年,花蓮縣,15914,8321,7593,2367,1251,1116,2569,1340,1229,2624,1375,1249,2625,1369,1256,2798,1480,1318,2931,1506,1425,10165,5335,4830,3244,1702,1542,3396,1823,1573,3525,1810,1715
105學年,澎湖縣,3756,1944,1812,534,286,248,564,274,290,604,312,292,639,348,291,665,357,308,750,367,383,2452,1292,1160,770,407,363,836,457,379,846,428,418
105學年,基隆市,16654,8640,8014,2424,1283,1141,2679,1373,1306,2766,1436,1330,2892,1549,1343,2835,1425,1410,3058,1574,1484,10279,5448,4831,3126,1689,1437,3433,1824,1609,3720,1935,1785
105學年,新竹市,29534,15476,14058,4742,2465,2277,5046,2695,2351,5173,2768,2405,4867,2484,2383,4865,2566,2299,4841,2498,2343,15683,8224,7459,5025,2630,2395,5298,2753,2545,5360,2841,2519
105學年,嘉義市,15468,8111,7357,2295,1214,1081,2445,1274,1171,2637,1423,1214,2598,1355,1243,2675,1337,1338,2818,1508,1310,10634,5543,5091,3308,1745,1563,3621,1863,1758,3705,1935,1770
105學年,金門縣,3618,1888,1730,570,281,289,605,308,297,609,335,274,621,349,272,604,309,295,609,306,303,2023,1060,963,653,336,317,684,369,315,686,355,331
105學年,連江縣,455,250,205,66,33,33,77,47,30,70,37,33,84,42,42,94,60,34,64,31,33,249,142,107,57,41,16,103,52,51,89,49,40
104學年,總計,1214360,635202,579158,191536,99821,91715,198159,103742,94417,198896,103801,95095,201941,105890,96051,208969,108884,100085,214859,113064,101795,747724,390473,357251,230116,120436,109680,242692,126786,115906,274916,143251,131665
104學年,新北市,201970,105719,96251,32509,16920,15589,33480,17551,15929,33387,17447,15940,33374,17502,15872,34094,17660,16434,35126,18639,16487,116039,60382,55657,35525,18600,16925,37553,19601,17952,42961,22181,20780
104學年,臺北市,118471,62246,56225,19301,10194,9107,20040,10445,9595,19533,10136,9397,19272,10177,9095,20060,10629,9431,20265,10665,9600,75015,39054,35961,23349,12173,11176,24176,12648,11528,27490,14233,13257
104學年,桃園市,128444,67401,61043,20402,10547,9855,21287,11169,10118,20988,10994,9994,21221,11194,10027,22075,11603,10472,22471,11894,10577,76299,39850,36449,23484,12193,11291,24930,13095,11835,27885,14562,13323
104學年,臺中市,157272,81811,75461,24893,13042,11851,25931,13408,12523,26162,13514,12648,26063,13676,12387,26817,13929,12888,27406,14242,13164,97447,50628,46819,29884,15643,14241,31650,16377,15273,35913,18608,17305
104學年,臺南市,92570,48169,44401,14989,7694,7295,15140,7944,7196,15204,7879,7325,15302,8013,7289,15750,8243,7507,16185,8396,7789,58160,30362,27798,17680,9214,8466,18737,9792,8945,21743,11356,10387
104學年,高雄市,134949,70247,64702,20993,10823,10170,21892,11419,10473,22033,11509,10524,22748,11842,10906,23425,12203,11222,23858,12451,11407,83539,43527,40012,25463,13232,12231,27046,14131,12915,31030,16164,14866
104學年,宜蘭縣,23227,12108,11119,3679,1916,1763,3581,1852,1729,3664,1897,1767,3885,2016,1869,4135,2150,1985,4283,2277,2006,16014,8532,7482,5016,2686,2330,5141,2726,2415,5857,3120,2737
104學年,新竹縣,36265,18991,17274,6138,3188,2950,6158,3259,2899,6041,3155,2886,5936,3114,2822,5948,3123,2825,6044,3152,2892,19150,10088,9062,5977,3112,2865,6289,3379,2910,6884,3597,3287
104學年,苗栗縣,29940,15749,14191,4623,2411,2212,4807,2533,2274,4934,2602,2332,4952,2572,2380,5286,2755,2531,5338,2876,2462,18268,9784,8484,5679,3133,2546,6023,3216,2807,6566,3435,3131
104學年,彰化縣,68920,36236,32684,10565,5511,5054,10800,5643,5157,10998,5884,5114,11570,6121,5449,12062,6228,5834,12925,6849,6076,42767,22470,20297,13263,7008,6255,13954,7304,6650,15550,8158,7392
104學年,南投縣,25439,13239,12200,3647,1912,1735,3898,2035,1863,4084,2120,1964,4368,2282,2086,4586,2362,2224,4856,2528,2328,17256,9153,8103,5196,2734,2462,5730,3053,2677,6330,3366,2964
104學年,雲林縣,35903,18925,16978,5271,2778,2493,5585,2943,2642,5780,3088,2692,6193,3254,2939,6356,3306,3050,6718,3556,3162,24178,12617,11561,7547,3955,3592,7820,4027,3793,8811,4635,4176
104學年,嘉義縣,22434,11746,10688,3125,1657,1468,3353,1754,1599,3503,1850,1653,3903,2026,1877,4134,2151,1983,4416,2308,2108,14440,7571,6869,4340,2268,2072,4784,2483,2301,5316,2820,2496
104學年,屏東縣,39629,20738,18891,5762,3001,2761,6054,3194,2860,6454,3326,3128,6677,3550,3127,7196,3675,3521,7486,3992,3494,26193,13501,12692,8066,4179,3887,8533,4365,4168,9594,4957,4637
104學年,臺東縣,11156,5943,5213,1651,900,751,1706,922,784,1831,942,889,1983,1041,942,1973,1072,901,2012,1066,946,7227,3739,3488,2255,1173,1082,2397,1224,1173,2575,1342,1233
104學年,花蓮縣,16538,8641,7897,2540,1330,1210,2622,1381,1241,2617,1363,1254,2765,1463,1302,2916,1503,1413,3078,1601,1477,10861,5685,5176,3428,1830,1598,3529,1815,1714,3904,2040,1864
104學年,澎湖縣,3972,2054,1918,569,278,291,598,314,284,641,350,291,660,350,310,738,359,379,766,403,363,2670,1428,1242,832,456,376,840,428,412,998,544,454
104學年,基隆市,17341,9023,8318,2710,1396,1314,2754,1434,1320,2890,1537,1353,2834,1426,1408,3057,1568,1489,3096,1662,1434,11496,6070,5426,3436,1821,1615,3708,1941,1767,4352,2308,2044
104學年,新竹市,29694,15574,14120,5041,2689,2352,5170,2761,2409,4868,2472,2396,4868,2573,2295,4867,2518,2349,4880,2561,2319,16662,8741,7921,5296,2760,2536,5370,2847,2523,5996,3134,2862
104學年,嘉義市,16104,8464,7640,2450,1285,1165,2626,1411,1215,2587,1348,1239,2675,1334,1341,2828,1511,1317,2938,1575,1363,11640,6002,5638,3618,1849,1769,3710,1933,1777,4312,2220,2092
104學年,金門縣,3679,1925,1754,601,302,299,606,332,274,614,348,266,600,306,294,601,305,296,657,332,325,2144,1153,991,681,367,314,684,353,331,779,433,346
104學年,連江縣,443,253,190,77,47,30,71,38,33,83,40,43,92,58,34,65,31,34,55,39,16,259,136,123,101,50,51,88,48,40,70,38,32
103學年,總計,1252762,655841,596921,198232,103860,94372,198886,103792,95094,201892,105884,96008,208919,108839,100080,214763,113024,101739,230070,120442,109628,803233,419415,383818,242864,126860,116004,275028,143317,131711,285341,149238,136103
103學年,新北市,207301,108628,98673,33588,17642,15946,33570,17532,16038,33484,17562,15922,34280,17743,16537,35204,18670,16534,37175,19479,17696,125520,65281,60239,37588,19660,17928,43038,22257,20781,44894,23364,21530
103學年,臺北市,121218,63610,57608,20101,10486,9615,19577,10164,9413,19291,10169,9122,20018,10609,9409,20235,10647,9588,21996,11535,10461,80483,41867,38616,24165,12594,11571,27555,14249,13306,28763,15024,13739
103學年,臺中市,161710,84153,77557,25914,13399,12515,26081,13479,12602,26043,13690,12353,26821,13935,12886,27402,14224,13178,29449,15426,14023,104453,54185,50268,31651,16378,15273,35924,18600,17324,36878,19207,17671
103學年,臺南市,94529,49331,45198,15115,7943,7172,15171,7873,7298,15276,7994,7282,15746,8242,7504,16152,8375,7777,17069,8904,8165,63133,32940,30193,18775,9795,8980,21752,11356,10396,22606,11789,10817
103學年,高雄市,139731,72801,66930,21911,11431,10480,22066,11525,10541,22744,11829,10915,23409,12195,11214,23861,12474,11387,25740,13347,12393,90837,47488,43349,27050,14117,12933,31012,16156,14856,32775,17215,15560
103學年,宜蘭縣,23968,12488,11480,3563,1840,1723,3636,1883,1753,3860,2005,1855,4100,2123,1977,4269,2267,2002,4540,2370,2170,17140,9158,7982,5213,2783,2430,5875,3141,2734,6052,3234,2818
103學年,桃園縣,131739,69189,62550,21243,11165,10078,20930,10956,9974,21154,11179,9975,22033,11557,10476,22450,11894,10556,23929,12438,11491,81330,42549,38781,24925,13094,11831,27851,14540,13311,28554,14915,13639
103學年,新竹縣,36365,19039,17326,6166,3259,2907,6061,3164,2897,5945,3122,2823,5933,3117,2816,6064,3152,2912,6196,3225,2971,20051,10546,9505,6314,3388,2926,6889,3591,3298,6848,3567,3281
103學年,苗栗縣,31076,16501,14575,4793,2528,2265,4904,2583,2321,4954,2579,2375,5282,2756,2526,5331,2871,2460,5812,3184,2628,19273,10141,9132,6012,3208,2804,6553,3427,3126,6708,3506,3202
103學年,彰化縣,72147,37986,34161,10822,5666,5156,11016,5881,5135,11591,6121,5470,12071,6236,5835,12923,6843,6080,13724,7239,6485,45510,23929,21581,13939,7308,6631,15538,8150,7388,16033,8471,7562
103學年,南投縣,26958,14004,12954,3884,2024,1860,4065,2108,1957,4354,2267,2087,4546,2333,2213,4831,2516,2315,5278,2756,2522,18711,9972,8739,5735,3064,2671,6341,3378,2963,6635,3530,3105
103學年,雲林縣,37757,19960,17797,5575,2944,2631,5745,3073,2672,6172,3257,2915,6282,3273,3009,6708,3567,3141,7275,3846,3429,25798,13447,12351,7876,4034,3842,8807,4624,4183,9115,4789,4326
103學年,嘉義縣,24196,12608,11588,3348,1753,1595,3483,1832,1651,3911,2021,1890,4150,2163,1987,4425,2309,2116,4879,2530,2349,15409,8214,7195,4777,2488,2289,5345,2839,2506,5287,2887,2400
103學年,屏東縣,42042,21988,20054,6050,3191,2859,6444,3319,3125,6690,3557,3133,7194,3687,3507,7471,3987,3484,8193,4247,3946,28332,14673,13659,8506,4350,4156,9604,4964,4640,10222,5359,4863
103學年,臺東縣,11738,6198,5540,1704,912,792,1838,950,888,1970,1036,934,1974,1072,902,2012,1066,946,2240,1162,1078,7749,4063,3686,2410,1238,1172,2571,1339,1232,2768,1486,1282
103學年,花蓮縣,17202,9016,8186,2608,1374,1234,2632,1362,1270,2765,1469,1296,2886,1486,1400,3059,1593,1466,3252,1732,1520,11554,5968,5586,3527,1810,1717,3902,2045,1857,4125,2113,2012
103學年,澎湖縣,4230,2230,2000,603,316,287,634,346,288,663,352,311,738,357,381,764,401,363,828,458,370,2842,1506,1336,843,431,412,990,540,450,1009,535,474
103學年,基隆市,18035,9434,8601,2756,1431,1325,2900,1551,1349,2825,1419,1406,3069,1579,1490,3103,1664,1439,3382,1790,1592,12820,6687,6133,3694,1926,1768,4353,2308,2045,4773,2453,2320
103學年,新竹市,29807,15598,14209,5178,2770,2408,4846,2469,2377,4841,2556,2285,4893,2529,2364,4856,2554,2302,5193,2720,2473,17314,9068,8246,5395,2869,2526,6007,3145,2862,5912,3054,2858
103學年,嘉義市,16845,8860,7985,2632,1418,1214,2605,1362,1243,2676,1341,1335,2831,1514,1317,2942,1582,1360,3159,1643,1516,12522,6453,6069,3710,1931,1779,4278,2202,2076,4534,2320,2214
103學年,金門縣,3699,1960,1739,605,329,276,600,340,260,590,299,291,595,301,294,647,330,317,662,361,301,2179,1126,1053,672,346,326,773,429,344,734,351,383
103學年,連江縣,469,259,210,73,39,34,82,40,42,93,60,33,68,32,36,54,38,16,99,50,49,273,154,119,87,48,39,70,37,33,116,69,47
102學年,總計,1297120,678774,618346,198820,103758,95062,201826,105844,95982,208888,108868,100020,214687,112993,101694,230015,120391,109624,242884,126920,115964,831925,433967,397958,275149,143386,131763,285469,149310,136159,271307,141271,130036
102學年,新北市,213641,112020,101621,33663,17585,16078,33706,17680,16026,34359,17801,16558,35435,18827,16608,37296,19542,17754,39182,20585,18597,130301,67424,62877,43138,22279,20859,44850,23373,21477,42313,21772,20541
102學年,臺北市,123948,65101,58847,19580,10162,9418,19274,10168,9106,20092,10661,9431,20125,10596,9529,21988,11504,10484,22889,12010,10879,84453,43985,40468,27567,14261,13306,28865,15063,13802,28021,14661,13360
102學年,臺中市,166752,86781,79971,26077,13474,12603,25977,13626,12351,26775,13921,12854,27335,14173,13162,29392,15400,13992,31196,16187,15009,108423,56333,52090,35906,18596,17310,36853,19191,17662,35664,18546,17118
102學年,臺南市,97519,50831,46688,15126,7848,7278,15223,7972,7251,15728,8214,7514,16159,8374,7785,17059,8898,8161,18224,9525,8699,66134,34495,31639,21772,11380,10392,22635,11798,10837,21727,11317,10410
102學年,高雄市,145049,75576,69473,22037,11514,10523,22762,11842,10920,23422,12208,11214,23821,12449,11372,25737,13343,12394,27270,14220,13050,94336,49174,45162,30979,16152,14827,32776,17212,15564,30581,15810,14771
102學年,宜蘭縣,24969,12989,11980,3610,1877,1733,3824,1974,1850,4073,2114,1959,4275,2279,1996,4510,2354,2156,4677,2391,2286,17908,9553,8355,5945,3183,2762,6073,3240,2833,5890,3130,2760
102學年,桃園縣,135633,71192,64441,20902,10939,9963,21087,11156,9931,22001,11526,10475,22401,11848,10553,23899,12442,11457,25343,13281,12062,83418,43601,39817,27798,14511,13287,28535,14904,13631,27085,14186,12899
102學年,新竹縣,36706,19235,17471,6058,3155,2903,5917,3104,2813,5925,3117,2808,6055,3146,2909,6208,3228,2980,6543,3485,3058,20241,10585,9656,6879,3584,3295,6853,3572,3281,6509,3429,3080
102學年,苗栗縣,32390,17242,15148,4895,2580,2315,4961,2586,2375,5274,2752,2522,5324,2866,2458,5788,3162,2626,6148,3296,2852,19546,10216,9330,6549,3428,3121,6732,3521,3211,6265,3267,2998
102學年,彰化縣,75886,39934,35952,11031,5903,5128,11594,6128,5466,12113,6250,5863,12971,6865,6106,13718,7234,6484,14459,7554,6905,46962,24634,22328,15527,8137,7390,16046,8483,7563,15389,8014,7375
102學年,南投縣,28607,14877,13730,4054,2099,1955,4306,2245,2061,4492,2308,2184,4792,2488,2304,5242,2736,2506,5721,3001,2720,19351,10296,9055,6367,3395,2972,6638,3540,3098,6346,3361,2985
102學年,雲林縣,39669,20849,18820,5717,3050,2667,6157,3239,2918,6252,3253,2999,6666,3542,3124,7279,3843,3436,7598,3922,3676,26393,13886,12507,8806,4626,4180,9134,4808,4326,8453,4452,4001
102學年,嘉義縣,26269,13678,12591,3532,1853,1679,3921,2019,1902,4156,2172,1984,4441,2325,2116,4880,2532,2348,5339,2777,2562,15659,8378,7281,5343,2836,2507,5296,2882,2414,5020,2660,2360
102學年,屏東縣,44667,23238,21429,6434,3306,3128,6707,3554,3153,7212,3713,3499,7461,3996,3465,8183,4236,3947,8670,4433,4237,29393,15316,14077,9603,4956,4647,10226,5355,4871,9564,5005,4559
102學年,臺東縣,12444,6519,5925,1851,957,894,1959,1034,925,1971,1061,910,2015,1072,943,2233,1160,1073,2415,1235,1180,7940,4130,3810,2584,1346,1238,2761,1477,1284,2595,1307,1288
102學年,花蓮縣,17994,9427,8567,2620,1365,1255,2777,1490,1287,2873,1479,1394,3045,1587,1458,3265,1748,1517,3414,1758,1656,12076,6301,5775,3900,2046,1854,4136,2122,2014,4040,2133,1907
102學年,澎湖縣,4465,2345,2120,639,351,288,657,348,309,733,355,378,768,401,367,826,459,367,842,431,411,2933,1572,1361,998,544,454,1005,534,471,930,494,436
102學年,基隆市,18942,9910,9032,2912,1545,1367,2833,1424,1409,3072,1592,1480,3110,1667,1443,3394,1800,1594,3621,1882,1739,13586,7089,6497,4359,2319,2040,4787,2462,2325,4440,2308,2132
102學年,新竹市,29899,15663,14236,4829,2463,2366,4844,2568,2276,4892,2536,2356,4853,2551,2302,5195,2716,2479,5286,2829,2457,17446,9083,8363,6009,3140,2869,5906,3050,2856,5531,2893,2638
102學年,嘉義市,17458,9139,8319,2579,1352,1227,2663,1337,1326,2811,1499,1312,2942,1577,1365,3159,1642,1517,3304,1732,1572,12954,6612,6342,4280,2204,2076,4514,2305,2209,4160,2103,2057
102學年,金門縣,3729,1963,1766,595,341,254,589,296,293,590,301,289,637,324,313,660,361,299,658,340,318,2189,1149,1040,769,426,343,730,351,379,690,372,318
102學年,連江縣,484,265,219,79,39,40,88,54,34,72,35,37,56,40,16,104,51,53,85,46,39,283,155,128,71,37,34,118,67,51,94,51,43
101學年,總計,1373366,718515,654851,201869,105875,95994,208809,108827,99982,214692,113065,101627,230001,120437,109564,242778,126900,115878,275217,143411,131806,844884,440711,404173,285560,149409,136151,271463,141350,130113,287861,149952,137909
101學年,新北市,225234,117929,107305,33779,17728,16051,34504,17874,16630,35518,18890,16628,37491,19659,17832,39276,20650,18626,44666,23128,21538,132204,68393,63811,44890,23390,21500,42386,21819,20567,44928,23184,21744
101學年,臺北市,130862,68749,62113,19369,10210,9159,20145,10680,9465,20132,10630,9502,21922,11503,10419,22870,12013,10857,26424,13713,12711,86887,45426,41461,28898,15097,13801,28123,14686,13437,29866,15643,14223
101學年,臺中市,175643,91428,84215,25938,13608,12330,26678,13877,12801,27263,14139,13124,29312,15336,13976,31105,16125,14980,35347,18343,17004,109952,57185,52767,36845,19197,17648,35662,18549,17113,37445,19439,18006
101學年,臺南市,103436,53970,49466,15194,7962,7232,15687,8202,7485,16143,8364,7779,17048,8891,8157,18231,9532,8699,21133,11019,10114,67294,35227,32067,22644,11807,10837,21735,11314,10421,22915,12106,10809
101學年,高雄市,154182,80341,73841,22764,11847,10917,23405,12204,11201,23827,12468,11359,25721,13337,12384,27257,14221,13036,31208,16264,14944,96280,50119,46161,32804,17227,15577,30557,15825,14732,32919,17067,15852
101學年,宜蘭縣,26615,13840,12775,3796,1957,1839,4041,2095,1946,4243,2257,1986,4491,2337,2154,4674,2399,2275,5370,2795,2575,18353,9789,8564,6091,3266,2825,5899,3127,2772,6363,3396,2967
101學年,桃園縣,142703,74780,67923,21073,11121,9952,21953,11500,10453,22353,11798,10555,23854,12426,11428,25289,13239,12050,28181,14696,13485,83877,43775,40102,28506,14881,13625,27064,14181,12883,28307,14713,13594
101學年,新竹縣,37725,19779,17946,5898,3104,2794,5943,3127,2816,6072,3167,2905,6201,3223,2978,6532,3494,3038,7079,3664,3415,20073,10550,9523,6856,3578,3278,6481,3406,3075,6736,3566,3170
101學年,苗栗縣,34240,18179,16061,4967,2591,2376,5276,2757,2519,5326,2880,2446,5827,3194,2633,6141,3286,2855,6703,3471,3232,19646,10348,9298,6723,3529,3194,6256,3265,2991,6667,3554,3113
101學年,彰化縣,81029,42524,38505,11602,6126,5476,12114,6254,5860,12983,6878,6105,13716,7239,6477,14492,7578,6914,16122,8449,7673,47591,24880,22711,16011,8455,7556,15361,7990,7371,16219,8435,7784
101學年,南投縣,30774,16055,14719,4287,2234,2053,4466,2287,2179,4774,2474,2300,5212,2730,2482,5690,2985,2705,6345,3345,3000,19731,10469,9262,6630,3537,3093,6340,3360,2980,6761,3572,3189
101學年,雲林縣,42444,22281,20163,6132,3222,2910,6253,3252,3001,6655,3536,3119,7269,3836,3433,7577,3913,3664,8558,4522,4036,26624,13940,12684,9136,4809,4327,8485,4477,4008,9003,4654,4349
101學年,嘉義縣,28726,14961,13765,3928,2026,1902,4158,2172,1986,4484,2356,2128,4885,2536,2349,5341,2779,2562,5930,3092,2838,15740,8425,7315,5263,2873,2390,5021,2663,2358,5456,2889,2567
101學年,屏東縣,48116,25034,23082,6694,3540,3154,7205,3709,3496,7488,3989,3499,8218,4254,3964,8685,4450,4235,9826,5092,4734,30366,15871,14495,10254,5368,4886,9588,5016,4572,10524,5487,5037
101學年,臺東縣,13203,6927,6276,1977,1047,930,1963,1058,905,2021,1075,946,2223,1153,1070,2425,1238,1187,2594,1356,1238,8219,4264,3955,2785,1492,1293,2608,1321,1287,2826,1451,1375
101學年,花蓮縣,19216,10109,9107,2792,1516,1276,2877,1491,1386,3048,1590,1458,3275,1746,1529,3395,1744,1651,3829,2022,1807,12461,6508,5953,4133,2127,2006,4052,2142,1910,4276,2239,2037
101學年,澎湖縣,4827,2542,2285,653,348,305,734,356,378,780,410,370,823,455,368,839,429,410,998,544,454,2907,1522,1385,1003,529,474,928,490,438,976,503,473
101學年,基隆市,20364,10639,9725,2831,1428,1403,3068,1581,1487,3125,1665,1460,3409,1818,1591,3639,1886,1753,4292,2261,2031,13984,7222,6762,4794,2474,2320,4447,2305,2142,4743,2443,2300
101學年,新竹市,30935,16289,14646,4862,2563,2299,4885,2528,2357,4826,2553,2273,5192,2718,2474,5279,2818,2461,5891,3109,2782,17135,8902,8233,5922,3060,2862,5527,2887,2640,5686,2955,2731
101學年,嘉義市,18750,9872,8878,2654,1340,1314,2808,1499,1309,2940,1585,1355,3165,1646,1519,3296,1736,1560,3887,2066,1821,13206,6688,6518,4533,2306,2227,4174,2110,2064,4499,2272,2227
101學年,金門縣,3871,2029,1842,592,302,290,576,290,286,634,321,313,649,354,295,658,339,319,762,423,339,2066,1048,1018,724,343,381,678,367,311,664,338,326
101學年,連江縣,471,258,213,87,55,32,70,34,36,57,40,17,98,46,52,87,46,41,72,37,35,288,160,128,115,64,51,91,50,41,82,46,36
100學年,總計,1457004,762016,694988,208843,108858,99985,214680,112998,101682,230038,120463,109575,242697,126844,115853,275045,143340,131705,285701,149513,136188,873226,454815,418411,271564,141430,130134,288052,150054,137998,313610,163331,150279
100學年,新北市,238483,124843,113640,34536,17871,16665,35718,18997,16721,37616,19788,17828,39492,20747,18745,44808,23217,21591,46313,24223,22090,136231,70449,65782,42407,21859,20548,44920,23224,21696,48904,25366,23538
100學年,臺北市,139259,73073,66186,20182,10712,9470,20088,10613,9475,21940,11494,10446,22728,11942,10786,26389,13691,12698,27932,14621,13311,90149,46970,43179,28139,14698,13441,29961,15665,14296,32049,16607,15442
100學年,臺中市,185941,96752,89189,26691,13925,12766,27228,14096,13132,29283,15333,13950,31095,16119,14976,35294,18329,16965,36350,18950,17400,114050,59412,54638,35686,18556,17130,37435,19432,18003,40929,21424,19505
100學年,臺南市,109942,57278,52664,15694,8195,7499,16063,8304,7759,17052,8895,8157,18171,9498,8673,21106,11002,10104,21856,11384,10472,69941,36643,33298,21729,11311,10418,22931,12134,10797,25281,13198,12083
100學年,高雄市,164392,85757,78635,23421,12211,11210,23803,12425,11378,25730,13337,12393,27195,14185,13010,31152,16235,14917,33091,17364,15727,99403,51531,47872,30551,15834,14717,32914,17024,15890,35938,18673,17265
100學年,宜蘭縣,28357,14805,13552,4015,2076,1939,4219,2245,1974,4508,2350,2158,4641,2379,2262,5354,2797,2557,5620,2958,2662,19264,10236,9028,5936,3162,2774,6390,3411,2979,6938,3663,3275
100學年,桃園縣,150294,78643,71651,21928,11495,10433,22326,11775,10551,23785,12376,11409,25244,13232,12012,28142,14680,13462,28869,15085,13784,85800,44731,41069,27018,14158,12860,28267,14706,13561,30515,15867,14648
100學年,新竹縣,39036,20449,18587,5957,3142,2815,6101,3173,2928,6214,3242,2972,6566,3515,3051,7119,3694,3425,7079,3683,3396,20599,10857,9742,6491,3414,3077,6724,3559,3165,7384,3884,3500
100學年,苗栗縣,36091,19142,16949,5277,2765,2512,5327,2881,2446,5833,3186,2647,6140,3288,2852,6696,3474,3222,6818,3548,3270,20408,10659,9749,6256,3258,2998,6664,3553,3111,7488,3848,3640
100學年,彰化縣,86180,45221,40959,12142,6268,5874,13005,6908,6097,13764,7265,6499,14470,7558,6912,16133,8456,7677,16666,8766,7900,49335,25703,23632,15321,7964,7357,16216,8448,7768,17798,9291,8507
100學年,南投縣,32932,17202,15730,4482,2287,2195,4737,2450,2287,5176,2701,2475,5660,2973,2687,6297,3312,2985,6580,3479,3101,20358,10703,9655,6346,3374,2972,6805,3597,3208,7207,3732,3475
100學年,雲林縣,44939,23648,21291,6188,3222,2966,6628,3526,3102,7234,3811,3423,7550,3900,3650,8543,4512,4031,8796,4677,4119,27267,14296,12971,8522,4487,4035,9027,4664,4363,9718,5145,4573
100學年,嘉義縣,30845,16120,14725,4171,2166,2005,4531,2378,2153,4886,2531,2355,5373,2793,2580,5938,3087,2851,5946,3165,2781,16159,8528,7631,4982,2633,2349,5464,2885,2579,5713,3010,2703
100學年,屏東縣,51910,26992,24918,7198,3716,3482,7499,3996,3503,8206,4249,3957,8739,4480,4259,9829,5084,4745,10439,5467,4972,32015,16747,15268,9628,5030,4598,10542,5500,5042,11845,6217,5628
100學年,臺東縣,14099,7409,6690,1981,1070,911,2020,1069,951,2213,1147,1066,2448,1248,1200,2609,1361,1248,2828,1514,1314,8518,4390,4128,2623,1322,1301,2857,1471,1386,3038,1597,1441
100學年,花蓮縣,20510,10688,9822,2876,1483,1393,3050,1593,1457,3289,1761,1528,3415,1755,1660,3829,2010,1819,4051,2086,1965,13116,6856,6260,4070,2156,1914,4298,2241,2057,4748,2459,2289
100學年,澎湖縣,5151,2703,2448,737,358,379,771,403,368,819,456,363,835,425,410,985,534,451,1004,527,477,2997,1558,1439,929,488,441,973,503,470,1095,567,528
100學年,基隆市,22230,11626,10604,3081,1581,1500,3114,1659,1455,3401,1801,1600,3649,1890,1759,4286,2264,2022,4699,2431,2268,14379,7469,6910,4458,2309,2149,4752,2444,2308,5169,2716,2453
100學年,新竹市,31822,16684,15138,4864,2510,2354,4831,2566,2265,5190,2708,2482,5271,2801,2470,5852,3090,2762,5814,3009,2805,17517,9102,8415,5529,2883,2646,5672,2943,2729,6316,3276,3040
100學年,嘉義市,20150,10658,9492,2778,1483,1295,2938,1581,1357,3163,1632,1531,3283,1734,1549,3860,2056,1804,4128,2172,1956,13396,6748,6648,4181,2117,2064,4507,2277,2230,4708,2354,2354
100學年,金門縣,3953,2059,1894,579,292,287,626,320,306,640,352,288,645,335,310,753,419,334,710,341,369,2051,1084,967,673,370,303,652,330,322,726,384,342
100學年,連江縣,488,264,224,65,30,35,57,40,17,96,48,48,87,47,40,71,36,35,112,63,49,273,143,130,89,47,42,81,43,38,103,53,50
99學年,總計,1519746,794652,725094,214638,112978,101660,230027,120458,109569,242778,126929,115849,275073,143390,131683,285589,149417,136172,271641,141480,130161,919802,478868,440934,288229,150129,138100,313815,163536,150279,317758,165203,152555
99學年,臺北市,145930,76489,69441,20148,10628,9520,21958,11515,10443,22739,11953,10786,26169,13588,12581,27841,14562,13279,27075,14243,12832,95287,49522,45765,30051,15701,14350,32234,16695,15539,33002,17126,15876
99學年,高雄市,96112,50202,45910,13330,6989,6341,14373,7454,6919,15146,7892,7254,17414,9129,8285,18448,9694,8754,17401,9044,8357,60808,31473,29335,18968,9788,9180,20702,10694,10008,21138,10991,10147
99學年,臺北縣,248308,129826,118482,35702,18966,16736,37728,19863,17865,39562,20757,18805,45086,23381,21705,46459,24280,22179,43771,22579,21192,144300,74471,69829,44934,23220,21714,48884,25395,23489,50482,25856,24626
99學年,宜蘭縣,29728,15540,14188,4194,2238,1956,4471,2326,2145,4643,2381,2262,5354,2798,2556,5590,2939,2651,5476,2858,2618,20267,10856,9411,6405,3437,2968,6942,3690,3252,6920,3729,3191
99學年,桃園縣,155449,81330,74119,22259,11767,10492,23699,12294,11405,25197,13220,11977,28031,14639,13392,28832,15059,13773,27431,14351,13080,89460,46581,42879,28218,14694,13524,30451,15833,14618,30791,16054,14737
99學年,新竹縣,39718,20790,18928,6077,3158,2919,6244,3264,2980,6537,3499,3038,7121,3680,3441,7071,3686,3385,6668,3503,3165,21338,11220,10118,6713,3537,3176,7386,3881,3505,7239,3802,3437
99學年,苗栗縣,37199,19694,17505,5329,2868,2461,5840,3181,2659,6155,3302,2853,6683,3454,3229,6829,3567,3262,6363,3322,3041,21692,11342,10350,6689,3557,3132,7487,3855,3632,7516,3930,3586
99學年,臺中縣,112540,58471,54069,16040,8300,7740,17092,8947,8145,18106,9379,8727,20360,10489,9871,20815,10891,9924,20127,10465,9662,70526,37173,33353,22041,11489,10552,24118,12919,11199,24367,12765,11602
99學年,彰化縣,90077,47306,42771,13003,6912,6091,13779,7265,6514,14505,7586,6919,16166,8486,7680,16683,8773,7910,15941,8284,7657,51334,26856,24478,16177,8403,7774,17696,9274,8422,17461,9179,8282
99學年,南投縣,34556,18080,16476,4718,2452,2266,5162,2672,2490,5626,2958,2668,6291,3295,2996,6502,3427,3075,6257,3276,2981,21470,11188,10282,6823,3599,3224,7213,3745,3468,7434,3844,3590
99學年,雲林縣,47033,24844,22189,6628,3542,3086,7188,3800,3388,7565,3926,3639,8565,4519,4046,8795,4681,4114,8292,4376,3916,28417,14852,13565,9051,4679,4372,9759,5164,4595,9607,5009,4598
99學年,嘉義縣,32416,16986,15430,4521,2386,2135,4930,2549,2381,5369,2781,2588,5977,3135,2842,5954,3175,2779,5665,2960,2705,16878,8920,7958,5465,2895,2570,5729,3021,2708,5684,3004,2680
99學年,臺南縣,65352,33938,31414,9089,4718,4371,9644,4978,4666,10319,5388,4931,11990,6232,5758,12478,6482,5996,11832,6140,5692,39361,20918,18443,12301,6606,5695,13433,7117,6316,13627,7195,6432
99學年,高雄縣,75662,39286,36376,10479,5451,5028,11346,5881,5465,12066,6326,5740,13732,7084,6648,14613,7669,6944,13426,6875,6551,44456,23296,21160,13935,7274,6661,15264,7977,7287,15257,8045,7212
99學年,屏東縣,54701,28503,26198,7511,4001,3510,8266,4288,3978,8772,4499,4273,9901,5134,4767,10453,5457,4996,9798,5124,4674,34337,17987,16350,10546,5484,5062,11830,6211,5619,11961,6292,5669
99學年,臺東縣,14875,7732,7143,2049,1086,963,2241,1160,1081,2466,1255,1211,2614,1365,1249,2858,1526,1332,2647,1340,1307,8965,4601,4364,2864,1467,1397,3043,1606,1437,3058,1528,1530
99學年,花蓮縣,21666,11354,10312,3084,1610,1474,3308,1776,1532,3426,1768,1658,3814,2008,1806,4052,2075,1977,3982,2117,1865,13840,7190,6650,4304,2253,2051,4767,2465,2302,4769,2472,2297
99學年,澎湖縣,5355,2843,2512,773,402,371,823,456,367,836,429,407,990,539,451,1002,527,475,931,490,441,3074,1589,1485,974,501,473,1095,560,535,1005,528,477
99學年,基隆市,23613,12353,11260,3107,1654,1453,3443,1820,1623,3659,1906,1753,4307,2277,2030,4724,2439,2285,4373,2257,2116,15577,8128,7449,4747,2438,2309,5188,2728,2460,5642,2962,2680
99學年,新竹市,32409,17012,15397,4825,2557,2268,5142,2679,2463,5292,2816,2476,5867,3100,2767,5826,3012,2814,5457,2848,2609,18305,9493,8812,5705,2964,2741,6356,3301,3055,6244,3228,3016
99學年,臺中市,81667,42511,39156,11178,5787,5391,12108,6355,5753,12945,6685,6260,14856,7789,7067,15469,8027,7442,15111,7868,7243,49302,25205,24097,15413,7948,7465,16810,8481,8329,17079,8776,8303
99學年,嘉義市,21127,11150,9977,2939,1576,1363,3139,1626,1513,3278,1738,1540,3866,2052,1814,4125,2177,1948,3780,1981,1799,14064,7050,7014,4518,2285,2233,4706,2354,2352,4840,2411,2429
99學年,臺南市,49714,26002,23712,6974,3573,3401,7364,3905,3459,7834,4102,3732,9100,4765,4335,9356,4891,4465,9086,4766,4320,34333,17699,16634,10659,5539,5120,11888,6127,5761,11786,6033,5753
99學年,金門縣,4018,2125,1893,623,317,306,638,350,288,648,336,312,748,416,332,699,338,361,662,368,294,2131,1112,1019,646,328,318,732,390,342,753,394,359
99學年,連江縣,521,285,236,58,40,18,101,54,47,87,47,40,71,36,35,115,63,52,89,45,44,280,146,134,82,43,39,102,53,49,96,50,46
98學年,總計,1593398,831989,761409,230133,120504,109629,242715,126854,115861,275122,143444,131678,285606,149485,136121,271518,141442,130076,288304,150260,138044,948534,493111,455423,313942,163604,150338,318052,165342,152710,316540,164165,152375
98學年,臺北市,154548,80987,73561,22050,11584,10466,22720,11917,10803,26187,13580,12607,27600,14422,13178,26950,14176,12774,29041,15308,13733,98369,51087,47282,32345,16780,15565,33182,17223,15959,32842,17084,15758
98學年,高雄市,101011,52589,48422,14387,7456,6931,15093,7872,7221,17392,9118,8274,18346,9645,8701,17351,9033,8318,18442,9465,8977,63142,32719,30423,20721,10714,10007,21201,11042,10159,21220,10963,10257
98學年,臺北縣,259493,135163,124330,37778,19847,17931,39660,20829,18831,45206,23459,21747,46726,24470,22256,43929,22671,21258,46194,23887,22307,149593,77145,72448,48830,25321,23509,50427,25844,24583,50336,25980,24356
98學年,宜蘭縣,31371,16366,15005,4459,2334,2125,4594,2355,2239,5334,2792,2542,5565,2935,2630,5442,2829,2613,5977,3121,2856,20863,11066,9797,6987,3717,3270,6959,3738,3221,6917,3611,3306
98學年,桃園縣,161716,84458,77258,23690,12277,11413,25191,13227,11964,27953,14602,13351,28830,15070,13760,27394,14357,13037,28658,14925,13733,91272,47597,43675,30354,15780,14574,30757,16022,14735,30161,15795,14366
98學年,新竹縣,40583,21293,19290,6251,3286,2965,6550,3508,3042,7153,3686,3467,7071,3668,3403,6681,3518,3163,6877,3627,3250,21856,11401,10455,7377,3875,3502,7258,3809,3449,7221,3717,3504
98學年,苗栗縣,38751,20495,18256,5853,3186,2667,6209,3325,2884,6688,3471,3217,6853,3578,3275,6342,3311,3031,6806,3624,3182,22624,11743,10881,7497,3868,3629,7517,3924,3593,7610,3951,3659
98學年,臺中縣,117890,61241,56649,17120,8974,8146,18099,9380,8719,20394,10527,9867,20857,10926,9931,20163,10469,9694,21257,10965,10292,72583,38160,34423,24140,12916,11224,24420,12804,11616,24023,12440,11583
98學年,彰化縣,94148,49297,44851,13793,7283,6510,14521,7600,6921,16204,8507,7697,16708,8796,7912,15966,8309,7657,16956,8802,8154,52381,27466,24915,17631,9234,8397,17397,9140,8257,17353,9092,8261
98學年,南投縣,36518,19121,17397,5188,2693,2495,5616,2931,2685,6234,3276,2958,6467,3411,3056,6249,3280,2969,6764,3530,3234,22139,11500,10639,7263,3787,3476,7457,3859,3598,7419,3854,3565
98學年,雲林縣,49055,25796,23259,7179,3793,3386,7556,3925,3631,8553,4508,4045,8812,4699,4113,8285,4358,3927,8670,4513,4157,28971,15191,13780,9782,5190,4592,9625,5007,4618,9564,4994,4570
98學年,嘉義縣,34266,17882,16384,4927,2549,2378,5412,2793,2619,5991,3120,2871,5972,3182,2790,5694,2956,2738,6270,3282,2988,17092,8994,8098,5743,3030,2713,5673,2995,2678,5676,2969,2707
98學年,臺南縣,69090,35997,33093,9652,4992,4660,10350,5412,4938,12018,6248,5770,12517,6503,6014,11823,6131,5692,12730,6711,6019,40747,21542,19205,13384,7094,6290,13633,7193,6440,13730,7255,6475
98學年,高雄縣,80000,41591,38409,11282,5865,5417,12107,6326,5781,13804,7148,6656,14669,7685,6984,13445,6895,6550,14693,7672,7021,46019,24127,21892,15226,7947,7279,15231,8030,7201,15562,8150,7412
98學年,屏東縣,58065,30168,27897,8322,4305,4017,8760,4499,4261,9892,5121,4771,10484,5492,4992,9819,5139,4680,10788,5612,5176,35987,18798,17189,11863,6244,5619,11996,6304,5692,12128,6250,5878
98學年,臺東縣,15686,8099,7587,2257,1171,1086,2455,1250,1205,2625,1368,1257,2836,1509,1327,2634,1324,1310,2879,1477,1402,9167,4771,4396,3030,1598,1432,3057,1530,1527,3080,1643,1437
98學年,花蓮縣,22690,11884,10806,3262,1738,1524,3423,1757,1666,3798,1998,1800,4030,2057,1973,3989,2113,1876,4188,2221,1967,14470,7449,7021,4763,2468,2295,4794,2475,2319,4913,2506,2407
98學年,澎湖縣,5563,2941,2622,826,455,371,823,420,403,988,538,450,1002,527,475,928,488,440,996,513,483,3146,1630,1516,1094,556,538,1005,528,477,1047,546,501
98學年,基隆市,25252,13115,12137,3459,1820,1639,3666,1900,1766,4337,2292,2045,4764,2462,2302,4388,2262,2126,4638,2379,2259,16387,8537,7850,5226,2746,2480,5645,2963,2682,5516,2828,2688
98學年,新竹市,32805,17209,15596,5077,2652,2425,5215,2771,2444,5825,3066,2759,5766,2993,2773,5409,2829,2580,5513,2898,2615,18693,9665,9028,6345,3299,3046,6231,3225,3006,6117,3141,2976
98學年,臺中市,86086,44925,41161,12075,6323,5752,12924,6682,6242,14823,7790,7033,15497,8022,7475,15051,7861,7190,15716,8247,7469,50391,25776,24615,16816,8509,8307,17075,8775,8300,16500,8492,8008
98學年,嘉義市,22162,11626,10536,3142,1620,1522,3250,1727,1523,3838,2035,1803,4112,2174,1938,3773,1980,1793,4047,2090,1957,14436,7256,7180,4717,2351,2366,4844,2420,2424,4875,2485,2390
98學年,臺南市,52110,27341,24769,7376,3902,3474,7792,4063,3729,9071,4746,4325,9318,4862,4456,9072,4743,4329,9481,5025,4456,35708,18184,17524,11977,6138,5839,11831,6052,5779,11900,5994,5906
98學年,金門縣,4001,2120,1881,630,348,282,644,338,306,745,414,331,692,334,358,653,366,287,637,320,317,2205,1166,1039,729,391,338,743,390,353,733,385,348
98學年,連江縣,538,285,253,98,51,47,85,47,38,69,34,35,112,63,49,88,44,44,86,46,40,293,141,152,102,51,51,94,50,44,97,40,57
97學年,總計,1677439,875122,802317,242676,126814,115862,274990,143349,131641,285688,149555,136133,271615,141501,130114,288336,150234,138102,314134,163669,150465,951976,494875,457101,318239,165430,152809,316818,164359,152459,316919,165086,151833
97學年,臺北市,163133,85367,77766,22766,11945,10821,26080,13541,12539,27521,14433,13088,26631,14035,12596,28853,15183,13670,31282,16230,15052,98774,51440,47334,33155,17203,15952,32972,17151,15821,32647,17086,15561
97學年,高雄市,106324,55359,50965,15012,7838,7174,17312,9066,8246,18252,9615,8637,17286,8996,8290,18366,9440,8926,20096,10404,9692,63643,33099,30544,21201,11067,10134,21248,10954,10294,21194,11078,10116
97學年,臺北縣,273037,141899,131138,39724,20817,18907,45340,23485,21855,46856,24453,22403,44346,22937,21409,46438,24015,22423,50333,26192,24141,152152,78625,73527,50447,25905,24542,50364,26025,24339,51341,26695,24646
97學年,宜蘭縣,33260,17325,15935,4599,2357,2242,5284,2752,2532,5516,2902,2614,5401,2817,2584,5937,3105,2832,6523,3392,3131,20961,11005,9956,7078,3800,3278,6939,3628,3311,6944,3577,3367
97學年,桃園縣,168854,88175,80679,25200,13237,11963,27921,14575,13346,28854,15075,13779,27331,14281,13050,28733,14999,13734,30815,16008,14807,91027,47462,43565,30744,15991,14753,30146,15772,14374,30137,15699,14438
97學年,新竹縣,41915,21992,19923,6530,3513,3017,7137,3678,3459,7081,3689,3392,6703,3536,3167,6870,3602,3268,7594,3974,3620,21653,11289,10364,7264,3800,3464,7198,3716,3482,7191,3773,3418
97學年,苗栗縣,40450,21191,19259,6175,3290,2885,6690,3488,3202,6830,3580,3250,6342,3314,3028,6814,3616,3198,7599,3903,3696,22857,11918,10939,7496,3911,3585,7604,3942,3662,7757,4065,3692
97學年,臺中縣,124200,64617,59583,18065,9358,8707,20454,10566,9888,20858,10925,9933,20167,10463,9704,21277,10987,10290,23379,12318,11061,72695,38127,34568,24468,12847,11621,24118,12493,11625,24109,12787,11322
97學年,彰化縣,98803,51666,47137,14510,7592,6918,16234,8530,7704,16745,8816,7929,15970,8301,7669,16945,8795,8150,18399,9632,8767,52021,27202,24819,17326,9091,8235,17337,9078,8259,17358,9033,8325
97學年,南投縣,38326,19982,18344,5587,2928,2659,6215,3250,2965,6428,3378,3050,6202,3240,2962,6697,3484,3213,7197,3702,3495,22530,11741,10789,7479,3880,3599,7433,3867,3566,7618,3994,3624
97學年,雲林縣,51066,26903,24163,7547,3910,3637,8511,4501,4010,8776,4673,4103,8243,4353,3890,8634,4479,4155,9355,4987,4368,28615,14810,13805,9696,5018,4678,9613,5009,4604,9306,4783,4523
97學年,嘉義縣,36099,18878,17221,5486,2847,2639,6002,3130,2872,6056,3241,2815,5727,2967,2760,6317,3309,3008,6511,3384,3127,17016,8938,8078,5679,2992,2687,5683,2964,2719,5654,2982,2672
97學年,臺南縣,73461,38394,35067,10371,5425,4946,12039,6258,5781,12525,6520,6005,11861,6163,5698,12732,6704,6028,13933,7324,6609,41096,21817,19279,13621,7198,6423,13651,7238,6413,13824,7381,6443
97學年,高雄縣,85180,44283,40897,12093,6318,5775,13870,7181,6689,14789,7776,7013,13549,6940,6609,14725,7692,7033,16154,8376,7778,46199,24247,21952,15241,8004,7237,15573,8166,7407,15385,8077,7308
97學年,屏東縣,61910,32236,29674,8784,4503,4281,9895,5118,4777,10517,5496,5021,9866,5147,4719,10806,5631,5175,12042,6341,5701,36181,18802,17379,12008,6294,5714,12185,6282,5903,11988,6226,5762
97學年,臺東縣,16313,8443,7870,2420,1230,1190,2599,1354,1245,2798,1495,1303,2620,1323,1297,2851,1465,1386,3025,1576,1449,9151,4812,4339,3049,1529,1520,3083,1647,1436,3019,1636,1383
97學年,花蓮縣,23969,12462,11507,3401,1755,1646,3768,1972,1796,4011,2034,1977,3961,2096,1865,4184,2203,1981,4644,2402,2242,14583,7492,7091,4791,2481,2310,4914,2505,2409,4878,2506,2372
97學年,澎湖縣,5832,3047,2785,834,430,404,990,535,455,1005,526,479,934,493,441,984,506,478,1085,557,528,3102,1611,1491,1001,527,474,1025,530,495,1076,554,522
97學年,基隆市,26877,13963,12914,3650,1882,1768,4329,2290,2039,4764,2468,2296,4413,2273,2140,4660,2403,2257,5061,2647,2414,16851,8675,8176,5668,2958,2710,5513,2841,2672,5670,2876,2794
97學年,新竹市,34300,17962,16338,5283,2795,2488,5874,3107,2767,5842,3021,2821,5487,2859,2628,5592,2939,2653,6222,3241,2981,18247,9390,8857,6261,3251,3010,6097,3130,2967,5889,3009,2880
97學年,臺中市,91083,47491,43592,12901,6672,6229,14784,7761,7023,15484,8038,7446,15070,7871,7199,15721,8246,7475,17123,8903,8220,50164,25807,24357,17001,8748,8253,16515,8512,8003,16648,8547,8101
97學年,嘉義市,23318,12195,11123,3247,1730,1517,3819,2026,1793,4100,2163,1937,3759,1979,1780,4037,2070,1967,4356,2227,2129,14299,7210,7089,4839,2421,2418,4840,2460,2380,4620,2329,2291
97學年,臺南市,55190,28897,26293,7775,4055,3720,9055,4750,4305,9295,4849,4446,9019,4720,4299,9443,4996,4447,10603,5527,5076,35696,18090,17606,11896,6079,5817,11938,6027,5911,11862,5984,5878
97學年,金門縣,4006,2118,1888,631,342,289,721,403,318,673,326,347,640,352,288,636,319,317,705,376,329,2169,1127,1042,733,382,351,729,381,348,707,364,343
97學年,連江縣,533,277,256,85,45,40,67,32,35,112,63,49,87,45,42,84,46,38,98,46,52,294,139,155,97,53,44,100,41,59,97,45,52
""
